N	K	Time
1000	-1	0.17
5000	-1	2.86
7500	-1	6.93
10000	-1	13.2
11000	-1	16.4
12000	-1	24.5
13000	-1	28
15000	-1	33.8
17000	-1	65
20000	-1	116
1000	1	0.024
1000	10	0.009393
1000	20	0.015396
1000	50	0.042358
1000	100	0.065743
1000	200	0.117714
1000	500	0.298879
1000	1000	0.346692
5000	1	0.077
5000	10	0.036784
5000	20	0.028763
5000	50	0.034531
5000	100	0.070474
5000	200	0.126869
5000	500	0.311341
5000	1000	0.616848
7500	1	0.115288
7500	10	0.051028
7500	20	0.054266
7500	50	0.044748
7500	100	0.060842
7500	200	0.133712
7500	500	0.314578
7500	1000	0.639256
10000	1	0.255
15000	1	0.606
20000	1	1.27
25000	1	2.37
30000	1	3.82
10000	10	0.105
10000	20	0.068
10000	50	0.057
10000	100	0.071
10000	200	0.154
10000	500	0.339
10000	1000	0.658
30000	10	0.2645
30000	20	0.221137
30000	50	0.204171
30000	100	0.215800
30000	200	0.181021
30000	500	0.285785
30000	1000	0.483354
50000	10	0.6468
50000	20	0.4189
50000	50	0.3547
50000	100	0.3421
50000	200	0.2823
50000	500	0.3578
50000	1000	0.5356
80000	10	1.467924
80000	20	0.805807
80000	50	0.588284
80000	100	0.571090
80000	200	0.588892
80000	500	0.463226
80000	1000	0.611660
100000	10	2.390091
100000	20	1.180202
100000	50	0.777165
100000	100	0.709221
100000	200	0.685423
100000	500	0.577503
100000	1000	0.698620
200000	10	12.55068
200000	20	4.651927
200000	50	2.021183
200000	100	1.555735
200000	200	1.418223
200000	500	1.477984
200000	1000	1.150277
300000	20	12.162427
300000	50	4.293735
300000	100	2.641034
300000	200	2.205404
300000	500	2.036009
300000	1000	2.174818
500000	100	5.944747
500000	200	4.183464
500000	500	3.540351
500000	1000	3.406246
800000	50	34.374171
800000	100	14.686
800000	200	8.050986
800000	500	5.879291
800000	1000	5.694997
1000000	200	11.801090
1000000	500	7.778140
1000000	1000	7.04339
2000000	200	46.676526
2000000	500	20.120788
2000000	1000	15.557029
3000000	500	42.03
3000000	1000	26.4
4000000	500	73.3
4000000	1000	40.2
7500000	1000	129.3
